{
    "options": {
        "accumulateForever": false,
        "noStochasticVariation": false,
        "onlyPyramidFrame": true,
        "showGrid": false
    },
    "params": {
        "backgroundSpin": 1.4520000219345093,
        "blendPreviousMixing": 0.03999999910593033,
        "camFov": 1.8949999809265137,
        "camTilt": 3.1570000648498535,
        "camX": -0.0,
        "camY": -0.054999999701976776,
        "camZ": -1.600000023841858,
        "epoxyPermittivity": 2.444999933242798,
        "floorExponent": 21.22800064086914,
        "floorGrading": 0.675000011920929,
        "floorGraytone": 0.1,
        "floorLevel": -1.2970000505447388,
        "floorLineBrightness": 0.7,
        "floorLineWidth": 0.006000000052154064,
        "floorSpacingX": 2.2100000381469727,
        "floorSpacingZ": 5.210000038146973,
        "fogGrading": 2.200000047683716,
        "fogScaling": 0.0010000000474974513,
        "ledBlurMixing": 0.6000000238418579,
        "ledBlurPrecision": 420.0,
        "ledBlurRadius": 4.800000190734863,
        "ledBlurSamples": 24.0,
        "ledGlow": 13.24899959564209,
        "ledSize": 0.010999999940395355,
        "pyramidAngle": 0.0,
        "pyramidAngularVelocity": 0.0,
        "pyramidHeight": 0.8500000238418579,
        "pyramidScale": 1.2599999904632568,
        "pyramidX": 0.0,
        "pyramidY": -0.5,
        "pyramidZ": 0.0,
        "traceFixedStep": 0.10000000149011612,
        "traceMaxDistance": 8.767999649047852,
        "traceMaxRecursions": 5,
        "traceMaxSteps": 40,
        "traceMinDistance": 0.0010000000474974513
    },
    "shaders": {
        "fragment": "",
        "reload": true,
        "vertex": ""
    },
    "trophy": {
        "base": {
            "size": 1.0,
            "x": 0.0,
            "y": -0.3499999940395355,
            "z": 0.0
        },
        "logo": {
            "height": 0.375,
            "width": 0.5049999952316284,
            "x": -0.17499999701976776,
            "y": 0.2619999945163727,
            "z": 0.0
        }
    },
    "view": {
        "height": 0.8999999761581421,
        "width": 0.5,
        "x": 0.05000000074505806,
        "y": 0.05000000074505806
    },
    "window": {
        "height": 584,
        "width": 1104,
        "x": -1442,
        "y": 360
    }
}