{
    "options": {
        "accumulateForever": true,
        "noStochasticVariation": false,
        "onlyPyramidFrame": false,
        "showGrid": false
    },
    "params": {
        "backgroundSpin": 1.4520000219345093,
        "blendPreviousMixing": 0.16300000250339508,
        "camFov": 1.7860000133514404,
        "camTilt": 2.571000099182129,
        "camX": 0.05000000074505806,
        "camY": 0.07000000029802322,
        "camZ": -1.7999999523162842,
        "epoxyPermittivity": 2.444999933242798,
        "floorExponent": 30.0,
        "floorGrading": 0.5,
        "floorLevel": -1.2970000505447388,
        "floorLineWidth": 0.05000000074505806,
        "floorSpacingX": 2.2100000381469727,
        "floorSpacingZ": 5.210000038146973,
        "fogGrading": 2.200000047683716,
        "fogScaling": 9.999999747378752e-05,
        "ledBlurMixing": 0.6000000238418579,
        "ledBlurPrecision": 420.0,
        "ledBlurRadius": 4.800000190734863,
        "ledBlurSamples": 42.0,
        "ledGlow": 13.24899959564209,
        "ledSize": 0.010999999940395355,
        "pyramidAngle": 19.458999633789063,
        "pyramidAngularVelocity": 7.567999839782715,
        "pyramidHeight": 0.8500000238418579,
        "pyramidScale": 1.2599999904632568,
        "pyramidX": 0.0,
        "pyramidY": -0.5,
        "pyramidZ": 0.0,
        "traceFixedStep": 0.10000000149011612,
        "traceMaxDistance": 21.576000213623047,
        "traceMaxRecursions": 5,
        "traceMaxSteps": 40,
        "traceMinDistance": 0.0010000000474974513
    },
    "shaders": {
        "fragment": "D:\\Coding\\dltrophy-simulator\\src\\shaders\\fragment.glsl",
        "reload": true,
        "vertex": ""
    },
    "trophy": {
        "base": {
            "size": 1.0,
            "startIndex": 106,
            "x": 0.0,
            "y": -0.3499999940395355,
            "z": 0.0
        },
        "logo": {
            "height": 0.375,
            "startIndex": 0,
            "width": 0.5049999952316284,
            "x": -0.17499999701976776,
            "y": 0.2619999945163727,
            "z": 0.0
        }
    },
    "view": {
        "height": 0.8999999761581421,
        "width": 0.5,
        "x": 0.05000000074505806,
        "y": 0.05000000074505806
    },
    "window": {
        "height": 710,
        "width": 1080,
        "x": 10,
        "y": 243
    }
}